tableau de liste pour chaque nombre d'états de 
err_relative_log,
err, err_log,
temps, temps_log,
nb_iter, nb_iter_log

chacun suivi de leur écart type.

méthode 0 10-4
etats = [10, 50, 100, 300, 500, 750, 1000, 1500, 2000]

res = [
[ -4.000256052736283,	-4.000574973648591,	-4.00106958146633,	-4.001724694887765,	-4.0007331477082335,	-4.000219021245059,	-4.000131156743869,	-4.0001464989099045,	-4.000046694009263 ],
	[ 2.3596663680109722e-05,	6.276867232059406e-05,	9.794450928134349e-05,	0.00011702897788456884,	9.316612643631816e-05,	3.9791905461363195e-05,	3.0846866986226113e-05,	2.489883516884746e-05,	5.367262991867724e-06 ],
[ 0.006449393021613708,	0.0036334669167406796,	0.0028356878976560102,	0.0018557282237868277,	0.0014574168735298665,	0.0012140134461457895,	0.0010353592675692149,	0.0009230370632371012,	0.0008001141147773882 ],
	[ 0.00024338977799913758,	8.421278318106725e-05,	6.604192879359108e-05,	4.3364139020258243e-05,	3.3537963877766516e-05,	2.3449006632555472e-05,	1.4190115132008277e-05,	1.8522979475759763e-05,	1.4264776760728933e-05 ],
[ -2.2223391943832773,	-2.450724534816908,	-2.5575610822718633,	-2.741505130924789,	-2.846174681305876,	-2.9225449836919966,	-2.9885320662175285,	-3.0416087099246307,	-3.102302047113817 ],
	[ 0.016994510972977182,	0.009703700902461239,	0.009130067468221967,	0.008999547684127885,	0.008884608131459405,	0.007366074600610309,	0.0054658543577953455,	0.007295193003389012,	0.006530631315517564 ],
[ 0.09417492866516114,	0.07477353572845459,	0.07526736497879029,	0.082637619972229,	0.08275135278701783,	0.0821819281578064,	0.08260839939117431,	0.08335515022277833,	0.0872141170501709 ],
	[ 0.0006310075951442418,	0.0004560448820049953,	0.00022855350897287938,	0.00040196206645390755,	0.00029611901966625746,	0.00022332659570219955,	0.00018900914384446877,	0.00019362655945488532,	0.0004973743446789 ],
[ -1.027199600023101,	-1.12703146823015,	-1.123584475019763,	-1.083296327477414,	-1.0824872205606766,	-1.085371056806143,	-1.0830817514916509,	-1.0791756119135771,	-1.0600694762813774 ],
	[ 0.003265587087015712,	0.002579286142808048,	0.001274065318339254,	0.0019903012553456104,	0.0014882817396905134,	0.001108421328458817,	0.0009428876013175555,	0.0009497816435603282,	0.0023456348396825007 ],
[ 7957.28,	9139.52,	9517.06,	9875.04,	9951.35,	9974.87,	9984.29,	9988.05,	9993.42 ],
	[ 4.42334895752076,	3.682077674357236,	4.165256774797922,	4.3915582655818195,	2.9330998960144536,	2.0691860718649737,	1.104562809440912,	0.7977938330170267,	0.12975361266646865 ],
[ 3.9007579319161665,	3.960919865809556,	3.9784986523392734,	3.9945345694176524,	3.997880111257115,	3.9989063073484687,	3.9993169205116983,	3.999480569046024,	3.9997141365118205 ],
	[ 0.00024137220395592518,	0.00017486497014244804,	0.0001899224449388071,	0.00019312091174757237,	0.0001281799121166057,	9.027665965916217e-05,	4.812738796438954e-05,	3.4721017799485507e-05,	5.639045308713507e-06 ]]

10-6
etats = [10, 50, 2000]
res=[
[ -6.0000007824486685,	-6.000002805603379,	-6.000014113008382 ],
[ 0.0,	0.0,	0.0 ],
[ 0.0005215529832034577,	0.0003573781904076048,	7.672111023971089e-05 ],
[ 0.0,	0.0,	0.0 ],
[ -3.282701566155807,	-3.446871954557402,	-4.1150851210682164 ],
[ 0.0,	0.0,	0.0 ],
[ 9.317401885986328,	11.4455246925354,	13.889731645584106 ],
[ 0.0,	0.0,	0.0 ],
[ 0.9692948282464748,	1.0586357066522951,	1.1426938550991812 ],
[ 0.0,	0.0,	0.0 ],
[ 795380.0,	913597.0,	997117.0 ],
[ 0.0,	0.0,	0.0 ],
[ 5.900574666359741,	5.9607546648010885,	5.998746120671879 ],
[ 0.0,	0.0,	0.0 ]]


10-9
etats = [10, 50, 2000]
res = [
[ -6.079820736897686,	-6.006300180113832,	-6.000213725252095 ],
[ 0.0,	0.0,	0.0 ],
[ 0.0009098324235009003,	0.0006008327325005974,	7.66665900000766e-05 ],
[ 0.0,	0.0,	0.0 ],
[ -3.0410385903719517,	-3.221246415622463,	-4.115393852996335 ],
[ 0.0,	0.0,	0.0 ],
[ 11.886176109313965,	12.434932947158813,	13.608000040054321 ],
[ 0.0,	0.0,	0.0 ],
[ 1.0750421606131435,	1.0946434477678015,	1.133794301882832 ],
[ 0.0,	0.0,	0.0 ],
[ 1000000.0,	1000000.0,	1000000.0 ],
[ 0.0,	0.0,	0.0 ],
[ 6.0,	6.0,	6.0 ],
[ 0.0,	0.0,	0.0 ]]


méthode 1
etats = [10, 50, 100, 300, 500, 750, 1000, 1500, 2000]
res = [
[ -9.0,	-9.0,	-9.0,	-9.0,	-9.0, -9.0,	-9.0,	-9.0,	-9.0,],
	[ 0,0,0,0,0,0,0,0,0],
[ 5.616583725887025e-10,	7.782715652493444e-10,	7.824014908175414e-10,	9.5707475711998e-10,	9.821890180512771e-10,  9.939639675562995e-10,	9.925562990866638e-10,	9.993530111513521e-10,	9.988089080857979e-10 ],
	[ 0,0,0,0,0,0,0,0,0],
[ -9.250527762744749,   	-9.108868836544536,	    -9.106570330698451,	    -9.019054138151398,	    -9.007804926065129,     -9.002629359038409,	    -9.003244850117259,	    -9.000281074622702, 	-9.000517592957399 ],
	[ 3.243169037060329e-16,	3.9720546451956367e-16,	3.9720546451956367e-16,	3.9720546451956367e-16,	3.9720546451956367e-16      ,0,0,0,0 ],
[ 0.0005188544591267903,	0.008317947387695312,	0.07552909851074219,	2.0345388293266295,	    10.375664567947387,     35.93927526473999,	    121.34534215927124, 	620.8808133602142,	    1628.188369512558 ],
	[ 0.00010762925778007041,	6.045455565958232e-05,	0.001606951415064296,	0.022221570298147843,	0.14072964870670623,        0,0,0,0 ],
[ -3.387222837372559,	    -2.08021001649381,	    -1.123655349770269,	    0.30795447920084856,	1.015288873086758,      1.5555693150740741,	    2.084023110595027,	    2.793008239358734,	    3.2117046481621476 ],
	[ 0.04373026694803312,	    0.003123318095100521,	0.008547123476304305,	0.0046983916217885075,	0.0054896680133193635,      0,0,0,0 ],
[ 25.0,	                    276.0,	                1007.0,	                10324.0,	            31573.0,                75139.0,	            136841.0,	            310325.0,	            545442.0 ],
	[ 0,0,0,0,0,0,0,0,0],
[ 1.3979400086720377,	    2.4409090820652177, 	3.0030294705536185,	    4.0138479958718305,	    4.499315849600332,      4.8758654108847805,	    5.1362162392407,	    5.491816764062082,	    5.736748576337463 ],
	[ 0.0,              	    0.0,	                9.930136612989092e-17,	1.9860273225978183e-16,	1.9860273225978183e-16      ,0,0,0,0 ]]



méthode 2
etats = [10, 30, 50, 75, 100, 150]
res = [
[ -9.0, -9.0,   -9.0,	-9.0,	-9.0 , -9],
	[ 0.0 ,  0.0,	0.0,	0.0,	0.0 , 0],
[ 1.76222675341009e-10,	    3.6833756877907575e-10,	    4.82180073646532e-10,	4.157942393168135e-10,	7.028009493814658e-10, 9.847521201256093e-10],
	[ 0.0,	0.0,	0.0,	0.0,	0.0, 0 ],
[ -9.753938209761257,	-9.433753982797702,	-9.316790741043109,	-9.381121531960419,	-9.153167660507915, -9.00667307550195 ],
	[ 0.0,	5.617333549722722e-16,	0.0,	0.0,	5.617333549722722e-16,0 ],
[ 0.002729463577270508,	0.10356526374816895,	0.6644564628601074,	3.2215489387512206,	10.36962902545929, 56.27386260032654 ],
	[ 9.686937656064902e-05,	0.00019841045405667552,	0.0014470961151111276,	0.0065692415450773565,	0.12198469827415792,0 ],
[ -2.566651436026638,	-0.9847938719698265,	-0.17754372007116453,	0.5080557316628186,	1.0154747094152312, 1.7503067258601388 ],
	[ 0.015394043313997583,	0.0008333968652627464,	0.0009424285379746359,	0.0008835457508811159,	0.004955276852713723,0 ],
[ 25.0,	123.0,	291.0,	610.0,	1085.0, 2541.0 ],
	[ 0.0,	0.0,	0.0,	0.0,	0.0 ,0],
[ 1.3979400086720377,	2.0899051114393985,	2.4638929889859074,	2.785329835010767,	3.035429738184548, 3.4050046650503694 ],
	[ 0.0,	1.4043333874306804e-16,	0.0,	0.0,	1.4043333874306804e-16,0 ]]



méthode 3
etats = [10, 50, 100, 300, 500, 750, 1000, 1500]
res=[
[ ],
	[ ],
[ 1.2294121442048891e-16,	9.957312752106872e-17,	8.18789480661053e-17,	6.670011765130824e-17,	5.904565031356057e-17, 4.445228907190568e-17, 3.5128150388530344e-17, 2.959871930885427e-17 ],
	[ 1.1334798538281535e-17,	1.2064000931901195e-17,	8.165371226236786e-18,	1.0382070009233032e-17,	5.651017320089598e-18, 0, 0, 0 ],
[ -15.948186792931688,  	-16.027792766024938,	-16.106152064313775,	-16.208702972995106,	-16.248189733245834,    -16.352105870111078, -16.454344716624203, -16.52872707979006 ],
	[ 0.04108007607362169,  	0.045228233505970585,	0.04035791021256248,	0.047508946883102615,	0.04090686646792233,   0, 0 , 0],
[ 0.0011336644490559896,	0.00963137149810791,	0.046974682807922365,	0.9204287767410279,	    3.7791569948196413,     12.040134191513062, 29.10336685180664, 95.59903454780579 ],
	[ 0.00019085918088261887,	0.00015262947205134595,	0.00046511473018827923,	0.007217775316690119,	0.046042649942649616,   0, 0, 0 ],
[ -3.004900227089187,	    -2.016861862928159,	    -1.3283460726358114,	-0.036141611598307526,	0.5770737016191042,     1.080631327312908, 1.4639432336793583, 1.9804535063694297 ],
	[ 0.03140533497026572,	    0.006926268763509414,	0.004255522825441915,	0.0033726536941888507,	0.005277785264001003,   0, 0, 0 ]]
