      10        0        1        0        0    inf    -nan    inf 
      20        4        2        0        0    0.500000    -nan    5.000000 
      30        8        3        0        0    0.375000    -nan    3.750000 
      40       10        3        0        0    0.300000    -nan    4.000000 
      50       12        4        0        0    0.333333    -nan    4.166667 
      60       16        5        0        0    0.312500    -nan    3.750000 
      70       17        5        0        0    0.294118    -nan    4.117647 
      80       20        6        0        0    0.300000    -nan    4.000000 
      90       24        7        0        0    0.291667    -nan    3.750000 
     100       25        7        0        0    0.280000    -nan    4.000000 
     110       27        7        1        1    0.259259    1.000000    4.074074 
     120       29        8        2        1    0.275862    0.500000    4.137931 
     130       30        9        2        1    0.300000    0.500000    4.333333 
     140       32       10        2        1    0.312500    0.500000    4.375000 
     150       35       10        2        1    0.285714    0.500000    4.285714 
     160       36       11        2        1    0.305556    0.500000    4.444445 
     170       38       12        2        1    0.315789    0.500000    4.473684 
     180       42       13        2        1    0.309524    0.500000    4.285714 
     190       43       13        2        1    0.302326    0.500000    4.418605 
     200       46       14        2        1    0.304348    0.500000    4.347826 
     210       49       15        2        1    0.306122    0.500000    4.285714 
     220       50       15        2        1    0.300000    0.500000    4.400000 
     230       53       16        2        1    0.301887    0.500000    4.339622 
     240       57       17        2        1    0.298246    0.500000    4.210526 
     250       57       17        2        1    0.298246    0.500000    4.385965 
     260       58       17        3        2    0.293103    0.666667    4.482759 
     270       60       17        6        3    0.283333    0.500000    4.500000 
     280       61       17        7        3    0.278689    0.428571    4.590164 
     290       61       18        8        3    0.295082    0.375000    4.754098 
     300       63       19        9        3    0.301587    0.333333    4.761905 
     310       67       20        9        3    0.298507    0.333333    4.626866 
     320       69       20       10        4    0.289855    0.400000    4.637681 
     330       71       20       11        4    0.281690    0.363636    4.647887 
     340       72       21       11        4    0.291667    0.363636    4.722222 
     350       76       22       11        4    0.289474    0.363636    4.605263 
     360       80       23       11        4    0.287500    0.363636    4.500000 
     370       80       23       11        4    0.287500    0.363636    4.625000 
     380       84       24       12        5    0.285714    0.416667    4.523809 
     390       84       24       12        5    0.285714    0.416667    4.642857 
     400       88       25       13        5    0.284091    0.384615    4.545455 
     410       89       26       13        5    0.292135    0.384615    4.606741 
     420       90       27       13        5    0.300000    0.384615    4.666667 
     430       91       27       13        5    0.296703    0.384615    4.725275 
     440       94       28       13        5    0.297872    0.384615    4.680851 
     450       95       28       14        6    0.294737    0.428571    4.736842 
     460       97       28       16        7    0.288660    0.437500    4.742268 
     470       98       29       17        7    0.295918    0.411765    4.795918 
     480       99       29       17        7    0.292929    0.411765    4.848485 
     490      101       29       18        8    0.287129    0.444444    4.851485 
     500      103       30       19        8    0.291262    0.421053    4.854369 
     510      109       30       20        8    0.275229    0.400000    4.678899 
     520      110       31       21        8    0.281818    0.380952    4.727273 
     530      114       32       22        8    0.280702    0.363636    4.649123 
     540      115       32       23        9    0.278261    0.391304    4.695652 
     550      118       33       25        9    0.279661    0.360000    4.661017 
     560      119       33       25        9    0.277311    0.360000    4.705883 
     570      121       34       25        9    0.280992    0.360000    4.710744 
     580      124       35       25        9    0.282258    0.360000    4.677419 
     590      126       36       25        9    0.285714    0.360000    4.682539 
     600      129       36       25        9    0.279070    0.360000    4.651163 
     610      130       37       25        9    0.284615    0.360000    4.692307 
     620      134       38       25        9    0.283582    0.360000    4.626866 
     630      134       38       25        9    0.283582    0.360000    4.701492 
     640      136       39       25        9    0.286765    0.360000    4.705883 
     650      139       39       27       10    0.280576    0.370370    4.676259 
     660      139       39       27       10    0.280576    0.370370    4.748201 
     670      142       40       28       10    0.281690    0.357143    4.718310 
     680      145       41       28       10    0.282759    0.357143    4.689655 
     690      147       42       30       10    0.285714    0.333333    4.693878 
     700      149       42       30       10    0.281879    0.333333    4.697987 
     710      152       43       31       10    0.282895    0.322581    4.671052 
     720      157       44       34       10    0.280255    0.294118    4.585987 
     730      159       44       34       10    0.276730    0.294118    4.591195 
     740      168       44       37       10    0.261905    0.270270    4.404762 
     750      178       44       41       10    0.247191    0.243902    4.213483 
     760      187       44       44       10    0.235294    0.227273    4.064171 
     770      197       44       47       10    0.223350    0.212766    3.908629 
     780      206       44       50       10    0.213592    0.200000    3.786408 
     790      216       44       54       10    0.203704    0.185185    3.657408 
     800      225       44       56       10    0.195556    0.178571    3.555556 
     810      235       44       61       10    0.187234    0.163934    3.446809 
     820      245       44       63       10    0.179592    0.158730    3.346939 
     830      254       44       67       10    0.173228    0.149254    3.267717 
     840      264       44       70       10    0.166667    0.142857    3.181818 
     850      273       44       73       10    0.161172    0.136986    3.113553 
     860      283       44       77       10    0.155477    0.129870    3.038869 
     870      292       44       80       10    0.150685    0.125000    2.979452 
     880      302       44       84       10    0.145695    0.119048    2.913907 
     890      309       44       87       11    0.142395    0.126437    2.880259 
     900      311       44       88       11    0.141479    0.125000    2.893891 
     910      321       44       91       11    0.137072    0.120879    2.834891 
     920      330       44       95       11    0.133333    0.115789    2.787879 
     930      340       44       98       11    0.129412    0.112245    2.735294 
     940      349       44      101       11    0.126074    0.108911    2.693410 
     950      359       44      105       11    0.122563    0.104762    2.646240 
     960      368       44      108       11    0.119565    0.101852    2.608696 
     970      378       44      112       11    0.116402    0.098214    2.566138 
     980      387       44      115       11    0.113695    0.095652    2.532300 
     990      397       44      118       11    0.110831    0.093220    2.493703 
    1000      406       44      121       11    0.108374    0.090909    2.463054 
    1010      416       44      125       11    0.105769    0.088000    2.427885 
    1020      425       44      127       11    0.103529    0.086614    2.400000 
    1030      435       44      132       11    0.101149    0.083333    2.367816 
    1040      445       44      134       11    0.098876    0.082090    2.337079 
    1050      454       44      138       11    0.096916    0.079710    2.312775 
    1060      464       44      141       11    0.094828    0.078014    2.284483 
    1070      473       44      144       11    0.093023    0.076389    2.262156 
    1080      483       44      148       11    0.091097    0.074324    2.236025 
    1090      492       44      151       11    0.089431    0.072848    2.215447 
    1100      502       44      155       11    0.087649    0.070968    2.191235 
    1110      511       44      158       11    0.086106    0.069620    2.172211 
    1120      521       44      161       11    0.084453    0.068323    2.149712 
    1130      530       44      165       11    0.083019    0.066667    2.132076 
    1140      540       44      168       11    0.081481    0.065476    2.111111 
    1150      549       44      171       11    0.080146    0.064327    2.094718 
    1160      559       44      175       11    0.078712    0.062857    2.075134 
    1170      568       44      178       11    0.077465    0.061798    2.059859 
    1180      578       44      182       11    0.076125    0.060440    2.041523 
    1190      587       44      185       11    0.074957    0.059459    2.027257 
    1200      597       44      188       11    0.073702    0.058511    2.010050 
    1210      606       44      191       11    0.072607    0.057592    1.996700 
    1220      616       44      195       11    0.071429    0.056410    1.980520 
    1230      625       44      197       11    0.070400    0.055838    1.968000 
    1240      629       44      200       12    0.069952    0.060000    1.971383 
    1250      635       44      203       12    0.069291    0.059113    1.968504 
    1260      645       44      205       12    0.068217    0.058537    1.953488 
    1270      654       44      209       12    0.067278    0.057416    1.941896 
    1280      664       44      212       12    0.066265    0.056604    1.927711 
    1290      673       44      215       12    0.065379    0.055814    1.916790 
    1300      683       44      219       12    0.064422    0.054795    1.903368 
    1310      692       44      222       12    0.063584    0.054054    1.893064 
    1320      702       44      226       12    0.062678    0.053097    1.880342 
    1330      711       44      229       12    0.061885    0.052402    1.870605 
    1340      721       44      232       12    0.061026    0.051724    1.858530 
    1350      730       44      236       12    0.060274    0.050847    1.849315 
    1360      740       44      239       12    0.059459    0.050209    1.837838 
    1370      749       44      242       12    0.058745    0.049587    1.829105 
    1380      759       44      246       12    0.057971    0.048780    1.818182 
    1390      768       44      249       12    0.057292    0.048193    1.809896 
    1400      778       44      253       12    0.056555    0.047431    1.799486 
    1410      781       45      254       12    0.057618    0.047244    1.805378 
    1420      785       46      255       12    0.058599    0.047059    1.808917 
    1430      788       46      255       12    0.058376    0.047059    1.814721 
    1440      789       47      256       12    0.059569    0.046875    1.825095 
    1450      797       47      256       12    0.058971    0.046875    1.819322 
    1460      801       47      257       12    0.058677    0.046693    1.822722 
    1470      811       47      261       12    0.057953    0.045977    1.812577 
    1480      821       47      262       12    0.057247    0.045802    1.802680 
    1490      831       47      263       12    0.056558    0.045627    1.793020 
    1500      831       48      263       12    0.057762    0.045627    1.805054 
    1510      834       49      263       12    0.058753    0.045627    1.810552 
    1520      838       50      263       12    0.059666    0.045627    1.813843 
    1530      839       51      263       12    0.060787    0.045627    1.823600 
    1540      840       51      263       12    0.060714    0.045627    1.833333 
    1550      843       52      263       12    0.061684    0.045627    1.838671 
    1560      845       52      264       13    0.061538    0.049242    1.846154 
    1570      845       52      264       13    0.061538    0.049242    1.857988 
    1580      853       52      266       13    0.060961    0.048872    1.852286 
    1590      853       52      267       14    0.060961    0.052434    1.864009 
    1600      854       53      268       14    0.062061    0.052239    1.873536 
    1610      857       53      269       15    0.061844    0.055762    1.878646 
    1620      859       53      270       15    0.061700    0.055556    1.885914 
    1630      859       54      270       15    0.062864    0.055556    1.897555 
    1640      864       55      272       15    0.063657    0.055147    1.898148 
    1650      868       56      272       15    0.064516    0.055147    1.900922 
    1660      869       56      272       15    0.064442    0.055147    1.910242 
    1670      870       56      273       16    0.064368    0.058608    1.919540 
    1680      873       57      275       16    0.065292    0.058182    1.924399 
    1690      877       58      277       16    0.066135    0.057762    1.927024 
    1700      879       58      277       16    0.065984    0.057762    1.934016 
    1710      881       59      277       16    0.066969    0.057762    1.940976 
    1720      886       60      278       16    0.067720    0.057554    1.941309 
    1730      889       60      278       16    0.067492    0.057554    1.946007 
    1740      890       61      278       16    0.068539    0.057554    1.955056 
    1750      891       62      278       16    0.069585    0.057554    1.964085 
    1760      893       62      280       17    0.069429    0.060714    1.970885 
    1770      895       63      281       17    0.070391    0.060498    1.977654 
    1780      898       63      282       18    0.070156    0.063830    1.982183 
    1790      899       63      283       18    0.070078    0.063604    1.991101 
    1800      901       64      283       18    0.071032    0.063604    1.997780 
    1810      906       64      284       18    0.070640    0.063380    1.997792 
    1820      906       65      285       18    0.071744    0.063158    2.008830 
    1830      912       66      287       18    0.072368    0.062718    2.006579 
    1840      916       66      288       18    0.072052    0.062500    2.008734 
    1850      925       66      291       18    0.071351    0.061856    2.000000 
    1860      929       66      292       18    0.071044    0.061644    2.002153 
    1870      939       66      296       18    0.070288    0.060811    1.991480 
    1880      948       66      298       18    0.069620    0.060403    1.983122 
    1890      957       66      301       18    0.068966    0.059801    1.974922 
    1900      962       66      302       18    0.068607    0.059603    1.975052 
    1910      972       66      306       18    0.067901    0.058824    1.965021 
    1920      981       66      309       18    0.067278    0.058252    1.957187 
    1930      985       66      310       18    0.067005    0.058065    1.959391 
    1940      995       66      314       18    0.066332    0.057325    1.949749 
    1950     1004       66      316       18    0.065737    0.056962    1.942231 
    1960     1013       66      319       18    0.065153    0.056426    1.934847 
    1970     1018       66      320       18    0.064833    0.056250    1.935167 
    1980     1028       66      324       18    0.064202    0.055556    1.926070 
    1990     1037       66      327       18    0.063645    0.055046    1.918997 
    2000     1041       66      328       18    0.063401    0.054878    1.921230 
    2010     1051       66      332       18    0.062797    0.054217    1.912464 
    2020     1060       66      334       18    0.062264    0.053892    1.905660 
    2030     1069       66      337       18    0.061740    0.053412    1.898971 
    2040     1074       66      338       18    0.061453    0.053254    1.899441 
    2050     1084       66      342       18    0.060886    0.052632    1.891144 
    2060     1093       66      345       18    0.060384    0.052174    1.884721 
    2070     1097       66      346       18    0.060164    0.052023    1.886964 
    2080     1107       66      350       18    0.059621    0.051429    1.878952 
    2090     1116       66      352       18    0.059140    0.051136    1.872760 
    2100     1125       66      355       18    0.058667    0.050704    1.866667 
    2110     1130       66      356       18    0.058407    0.050562    1.867257 
    2120     1140       66      360       18    0.057895    0.050000    1.859649 
    2130     1149       66      363       18    0.057441    0.049587    1.853786 
    2140     1153       66      364       18    0.057242    0.049451    1.856028 
    2150     1163       66      368       18    0.056750    0.048913    1.848667 
    2160     1172       66      370       18    0.056314    0.048649    1.843003 
    2170     1181       66      373       18    0.055885    0.048257    1.837426 
    2180     1186       66      374       18    0.055649    0.048128    1.838111 
    2190     1196       66      378       18    0.055184    0.047619    1.831104 
    2200     1205       66      381       18    0.054772    0.047244    1.825726 
    2210     1209       66      382       18    0.054591    0.047120    1.827957 
    2220     1219       66      386       18    0.054143    0.046632    1.821165 
    2230     1228       66      388       18    0.053746    0.046392    1.815961 
    2240     1237       66      391       18    0.053355    0.046036    1.810833 
    2250     1242       66      392       18    0.053140    0.045918    1.811594 
    2260     1252       66      396       18    0.052716    0.045455    1.805112 
    2270     1261       66      399       18    0.052339    0.045113    1.800159 
    2280     1265       66      400       18    0.052174    0.045000    1.802372 
    2290     1275       66      404       18    0.051765    0.044554    1.796078 
    2300     1284       66      406       18    0.051402    0.044335    1.791277 
    2310     1293       66      409       18    0.051044    0.044010    1.786543 
    2320     1298       66      410       18    0.050847    0.043902    1.787365 
    2330     1308       66      414       18    0.050459    0.043478    1.781346 
    2340     1317       66      417       18    0.050114    0.043165    1.776765 
    2350     1321       66      418       18    0.049962    0.043062    1.778955 
    2360     1331       66      422       18    0.049587    0.042654    1.773103 
    2370     1340       66      424       18    0.049254    0.042453    1.768657 
    2380     1349       66      427       18    0.048925    0.042155    1.764270 
    2390     1354       66      428       18    0.048744    0.042056    1.765140 
    2400     1364       66      432       18    0.048387    0.041667    1.759531 
    2410     1373       66      435       18    0.048070    0.041379    1.755280 
    2420     1377       66      436       18    0.047930    0.041284    1.757444 
    2430     1387       66      440       18    0.047585    0.040909    1.751983 
    2440     1396       66      442       18    0.047278    0.040724    1.747851 
    2450     1405       66      445       18    0.046975    0.040449    1.743772 
    2460     1410       66      446       18    0.046809    0.040359    1.744681 
    2470     1420       66      450       18    0.046479    0.040000    1.739437 
    2480     1429       66      453       18    0.046186    0.039735    1.735479 
    2490     1433       66      454       18    0.046057    0.039648    1.737613 
    2500     1443       66      458       18    0.045738    0.039301    1.732502 
    2510     1452       66      460       18    0.045455    0.039130    1.728650 
    2520     1461       66      463       18    0.045175    0.038877    1.724846 
    2530     1466       66      464       18    0.045020    0.038793    1.725784 
    2540     1476       66      468       18    0.044715    0.038462    1.720867 
    2550     1485       66      471       18    0.044444    0.038217    1.717172 
    2560     1489       66      472       18    0.044325    0.038136    1.719275 
    2570     1499       66      476       18    0.044029    0.037815    1.714476 
    2580     1508       66      478       18    0.043767    0.037657    1.710875 
    2590     1517       66      481       18    0.043507    0.037422    1.707317 
    2600     1522       66      482       18    0.043364    0.037344    1.708279 
    2610     1532       66      486       18    0.043081    0.037037    1.703655 
    2620     1541       66      489       18    0.042829    0.036810    1.700195 
    2630     1545       66      490       18    0.042718    0.036735    1.702265 
    2640     1555       66      494       18    0.042444    0.036437    1.697749 
    2650     1564       66      496       18    0.042199    0.036290    1.694373 
    2660     1573       66      499       18    0.041958    0.036072    1.691036 
    2670     1578       66      500       18    0.041825    0.036000    1.692015 
    2680     1588       66      504       18    0.041562    0.035714    1.687657 
    2690     1597       66      507       18    0.041327    0.035503    1.684408 
    2700     1601       66      508       18    0.041224    0.035433    1.686446 
    2710     1611       66      512       18    0.040968    0.035156    1.682185 
    2720     1620       66      514       18    0.040741    0.035019    1.679012 
    2730     1629       66      517       18    0.040516    0.034816    1.675875 
    2740     1634       66      518       18    0.040392    0.034749    1.676867 
    2750     1644       66      522       18    0.040146    0.034483    1.672749 
    2760     1653       66      525       18    0.039927    0.034286    1.669691 
    2770     1657       66      526       18    0.039831    0.034221    1.671696 
    2780     1667       66      530       18    0.039592    0.033962    1.667666 
    2790     1676       66      532       18    0.039379    0.033835    1.664678 
    2800     1685       66      535       18    0.039169    0.033645    1.661721 
    2810     1690       66      536       18    0.039053    0.033582    1.662722 
    2820     1700       66      540       18    0.038824    0.033333    1.658823 
    2830     1709       66      543       18    0.038619    0.033149    1.655939 
    2840     1713       66      544       18    0.038529    0.033088    1.657910 
    2850     1723       66      548       18    0.038305    0.032847    1.654092 
    2860     1732       66      550       18    0.038106    0.032727    1.651270 
    2870     1741       66      553       18    0.037909    0.032550    1.648478 
    2880     1746       66      554       18    0.037801    0.032491    1.649485 
    2890     1756       66      558       18    0.037585    0.032258    1.645786 
    2900     1765       66      561       18    0.037394    0.032086    1.643059 
    2910     1767       67      561       18    0.037917    0.032086    1.646859 
    2920     1770       68      563       18    0.038418    0.031972    1.649718 
    2930     1775       68      564       18    0.038310    0.031915    1.650704 
    2940     1776       68      565       19    0.038288    0.033628    1.655405 
    2950     1785       68      567       19    0.038095    0.033510    1.652661 
    2960     1790       69      570       19    0.038547    0.033333    1.653631 
    2970     1794       70      571       19    0.039019    0.033275    1.655518 
    2980     1795       70      571       19    0.038997    0.033275    1.660167 
    2990     1796       71      573       19    0.039532    0.033159    1.664811 
    3000     1801       72      575       19    0.039978    0.033043    1.665741 
    3010     1802       72      575       19    0.039956    0.033043    1.670366 
    3020     1805       73      576       19    0.040443    0.032986    1.673130 
    3030     1809       74      577       19    0.040907    0.032929    1.674959 
    3040     1812       74      577       19    0.040839    0.032929    1.677704 
    3050     1814       75      578       19    0.041345    0.032872    1.681367 
    3060     1818       75      579       19    0.041254    0.032815    1.683168 
    3070     1819       76      581       19    0.041781    0.032702    1.687741 
    3080     1823       77      581       19    0.042238    0.032702    1.689523 
    3090     1827       77      581       19    0.042146    0.032702    1.691297 
    3100     1827       78      581       19    0.042693    0.032702    1.696771 
    3110     1828       79      581       19    0.043217    0.032702    1.701313 
    3120     1832       80      582       20    0.043668    0.034364    1.703057 
    3130     1832       80      582       20    0.043668    0.034364    1.708515 
    3140     1835       81      583       20    0.044142    0.034305    1.711172 
    3150     1839       82      584       20    0.044589    0.034247    1.712887 
    3160     1840       82      584       20    0.044565    0.034247    1.717391 
    3170     1840       83      584       20    0.045109    0.034247    1.722826 
    3180     1842       84      584       20    0.045603    0.034247    1.726384 
    3190     1843       85      585       20    0.046120    0.034188    1.730874 
    3200     1848       86      586       20    0.046537    0.034130    1.731602 
    3210     1850       86      586       20    0.046486    0.034130    1.735135 
    3220     1852       87      587       20    0.046976    0.034072    1.738661 
    3230     1858       88      587       20    0.047363    0.034072    1.738428 
    3240     1860       88      587       20    0.047312    0.034072    1.741935 
    3250     1862       89      587       20    0.047798    0.034072    1.745435 
    3260     1866       90      587       20    0.048232    0.034072    1.747053 
    3270     1867       90      588       21    0.048206    0.035714    1.751473 
    3280     1870       90      589       21    0.048128    0.035654    1.754011 
    3290     1870       91      589       21    0.048663    0.035654    1.759358 
    3300     1874       92      590       21    0.049093    0.035593    1.760939 
    3310     1878       93      590       21    0.049521    0.035593    1.762513 
    3320     1880       93      590       21    0.049468    0.035593    1.765957 
    3330     1888       93      592       21    0.049258    0.035473    1.763771 
    3340     1898       93      595       21    0.048999    0.035294    1.759747 
    3350     1908       93      595       21    0.048742    0.035294    1.755765 
    3360     1918       93      596       21    0.048488    0.035235    1.751825 
    3370     1927       93      597       21    0.048262    0.035176    1.748832 
    3380     1936       93      599       21    0.048037    0.035058    1.745868 
    3390     1945       93      601       21    0.047815    0.034942    1.742931 
    3400     1955       93      602       21    0.047570    0.034884    1.739130 
    3410     1965       93      603       21    0.047328    0.034826    1.735369 
    3420     1974       93      604       21    0.047112    0.034768    1.732523 
    3430     1981       94      605       21    0.047451    0.034711    1.731449 
    3440     1982       94      605       21    0.047427    0.034711    1.735621 
    3450     1985       95      606       21    0.047859    0.034653    1.738035 
    3460     1990       96      607       21    0.048241    0.034596    1.738693 
    3470     1990       96      607       21    0.048241    0.034596    1.743719 
    3480     1994       97      607       21    0.048646    0.034596    1.745236 
    3490     1995       98      607       21    0.049123    0.034596    1.749373 
    3500     1996       99      608       21    0.049599    0.034539    1.753507 
    3510     2000       99      608       21    0.049500    0.034539    1.755000 
    3520     2000      100      609       21    0.050000    0.034483    1.760000 
    3530     2006      100      609       21    0.049850    0.034483    1.759721 
    3540     2009      100      609       21    0.049776    0.034483    1.762071 
    3550     2016      100      613       21    0.049603    0.034258    1.760913 
    3560     2023      100      615       22    0.049432    0.035772    1.759763 
    3570     2026      100      616       22    0.049358    0.035714    1.762093 
    3580     2036      100      616       22    0.049116    0.035714    1.758350 
    3590     2046      100      617       22    0.048876    0.035656    1.754643 
    3600     2049      100      617       22    0.048804    0.035656    1.756955 
    3610     2057      100      617       22    0.048614    0.035656    1.754983 
    3620     2065      100      619       22    0.048426    0.035541    1.753027 
    3630     2074      100      623       22    0.048216    0.035313    1.750241 
    3640     2084      100      624       22    0.047985    0.035256    1.746641 
    3650     2093      100      627       22    0.047778    0.035088    1.743908 
    3660     2103      100      628       22    0.047551    0.035032    1.740371 
    3670     2108      100      630       22    0.047438    0.034921    1.740987 
    3680     2115      100      631       22    0.047281    0.034865    1.739953 
    3690     2122      100      634       22    0.047125    0.034700    1.738926 
    3700     2132      100      637       22    0.046904    0.034537    1.735460 
    3710     2141      100      640       22    0.046707    0.034375    1.732835 
    3720     2145      100      641       22    0.046620    0.034321    1.734266 
    3730     2155      100      644       22    0.046404    0.034161    1.730858 
    3740     2164      100      648       22    0.046211    0.033951    1.728281 
    3750     2171      100      649       22    0.046062    0.033898    1.727315 
    3760     2178      100      652       22    0.045914    0.033742    1.726354 
    3770     2188      100      655       22    0.045704    0.033588    1.723035 
    3780     2197      100      657       22    0.045517    0.033486    1.720528 
    3790     2207      100      661       22    0.045310    0.033283    1.717263 
    3800     2217      100      664       22    0.045106    0.033133    1.714028 
    3810     2219      101      664       22    0.045516    0.033133    1.716990 
    3820     2224      102      666       22    0.045863    0.033033    1.717626 
    3830     2225      103      666       22    0.046292    0.033033    1.721348 
    3840     2227      103      666       22    0.046251    0.033033    1.724293 
    3850     2237      103      668       22    0.046044    0.032934    1.721055 
    3860     2247      103      672       22    0.045839    0.032738    1.717846 
    3870     2257      103      675       22    0.045636    0.032593    1.714666 
    3880     2266      103      678       22    0.045455    0.032448    1.712268 
    3890     2276      103      682       22    0.045255    0.032258    1.709139 
    3900     2285      103      685       22    0.045077    0.032117    1.706783 
    3910     2295      103      688       22    0.044880    0.031977    1.703704 
    3920     2303      103      688       22    0.044724    0.031977    1.702128 
    3930     2305      103      688       22    0.044685    0.031977    1.704989 
    3940     2314      103      693       22    0.044512    0.031746    1.702679 
    3950     2324      103      694       22    0.044320    0.031700    1.699656 
    3960     2334      103      695       22    0.044130    0.031655    1.696658 
    3970     2343      103      695       22    0.043961    0.031655    1.694409 
    3980     2346      103      695       22    0.043905    0.031655    1.696505 
    3990     2354      103      696       22    0.043755    0.031609    1.694987 
    4000     2363      103      698       22    0.043589    0.031519    1.692763 
    4010     2372      103      701       22    0.043423    0.031384    1.690557 
    4020     2381      103      703       22    0.043259    0.031294    1.688366 
    4030     2391      103      705       22    0.043078    0.031206    1.685487 
    4040     2400      103      706       22    0.042917    0.031161    1.683333 
    4050     2406      103      708       22    0.042810    0.031073    1.683292 
    4060     2410      103      710       22    0.042739    0.030986    1.684647 
    4070     2420      103      713       22    0.042562    0.030856    1.681818 
    4080     2429      103      716       22    0.042404    0.030726    1.679704 
    4090     2437      103      718       22    0.042265    0.030641    1.678293 
    4100     2443      103      720       22    0.042161    0.030556    1.678264 
    4110     2453      103      724       22    0.041989    0.030387    1.675499 
    4120     2462      103      726       22    0.041836    0.030303    1.673436 
    4130     2472      103      729       22    0.041667    0.030178    1.670712 
    4140     2482      103      732       22    0.041499    0.030055    1.668010 
    4150     2491      103      735       22    0.041349    0.029932    1.665998 
    4160     2500      103      739       22    0.041200    0.029770    1.664000 
    4170     2510      103      741       22    0.041036    0.029690    1.661355 
    4180     2513      104      743       22    0.041385    0.029610    1.663351 
    4190     2517      105      743       22    0.041716    0.029610    1.664680 
    4200     2520      105      743       22    0.041667    0.029610    1.666667 
    4210     2521      106      743       22    0.042047    0.029610    1.669972 
    4220     2522      107      743       22    0.042427    0.029610    1.673275 
    4230     2526      108      743       22    0.042755    0.029610    1.674584 
    4240     2528      108      743       22    0.042722    0.029610    1.677215 
    4250     2531      109      744       22    0.043066    0.029570    1.679178 
    4260     2535      110      745       22    0.043393    0.029530    1.680473 
    4270     2536      110      745       22    0.043375    0.029530    1.683754 
    4280     2536      111      745       22    0.043770    0.029530    1.687697 
    4290     2540      112      745       22    0.044094    0.029530    1.688976 
    4300     2542      112      745       22    0.044060    0.029530    1.691581 
    4310     2544      113      746       22    0.044418    0.029491    1.694182 
    4320     2546      113      746       22    0.044383    0.029491    1.696779 
    4330     2548      114      748       22    0.044741    0.029412    1.699372 
    4340     2555      114      748       22    0.044618    0.029412    1.698630 
    4350     2557      114      748       22    0.044583    0.029412    1.701212 
    4360     2565      114      753       22    0.044444    0.029216    1.699805 
    4370     2575      114      754       22    0.044272    0.029178    1.697087 
    4380     2585      114      754       22    0.044101    0.029178    1.694391 
    4390     2585      114      755       23    0.044101    0.030464    1.698259 
    4400     2590      115      756       23    0.044402    0.030423    1.698842 
    4410     2593      115      756       23    0.044350    0.030423    1.700733 
    4420     2594      116      756       23    0.044719    0.030423    1.703932 
    4430     2598      117      756       23    0.045035    0.030423    1.705158 
    4440     2600      117      756       23    0.045000    0.030423    1.707692 
    4450     2603      118      757       23    0.045332    0.030383    1.709566 
    4460     2604      118      757       23    0.045315    0.030383    1.712750 
    4470     2609      119      759       23    0.045611    0.030303    1.713300 
    4480     2609      119      759       23    0.045611    0.030303    1.717133 
    4490     2614      120      761       23    0.045907    0.030223    1.717674 
    4500     2618      120      762       23    0.045837    0.030184    1.718869 
    4510     2619      121      762       23    0.046201    0.030184    1.722031 
    4520     2620      122      762       23    0.046565    0.030184    1.725191 
    4530     2621      123      762       23    0.046929    0.030184    1.728348 
    4540     2623      124      762       23    0.047274    0.030184    1.730843 
    4550     2626      124      762       23    0.047220    0.030184    1.732673 
    4560     2627      125      762       23    0.047583    0.030184    1.735820 
    4570     2634      125      762       23    0.047456    0.030184    1.735004 
    4580     2634      125      763       24    0.047456    0.031455    1.738800 
    4590     2640      125      765       24    0.047348    0.031373    1.738636 
    4600     2641      126      765       24    0.047709    0.031373    1.741764 
    4610     2644      126      766       24    0.047655    0.031332    1.743570 
    4620     2646      127      766       24    0.047997    0.031332    1.746032 
    4630     2648      127      766       24    0.047961    0.031332    1.748489 
    4640     2651      128      767       24    0.048284    0.031291    1.750283 
    4650     2653      129      768       24    0.048624    0.031250    1.752733 
    4660     2657      129      771       24    0.048551    0.031128    1.753858 
    4670     2657      130      771       24    0.048927    0.031128    1.757621 
    4680     2662      131      773       24    0.049211    0.031048    1.758077 
    4690     2667      131      775       24    0.049119    0.030968    1.758530 
    4700     2668      132      775       24    0.049475    0.030968    1.761619 
    4710     2674      133      777       24    0.049738    0.030888    1.761406 
    4720     2677      133      778       24    0.049682    0.030848    1.763168 
    4730     2679      134      778       24    0.050019    0.030848    1.765584 
    4740     2684      135      779       24    0.050298    0.030809    1.766021 
    4750     2687      135      779       24    0.050242    0.030809    1.767771 
    4760     2688      136      781       24    0.050595    0.030730    1.770833 
    4770     2697      136      783       24    0.050426    0.030651    1.768632 
    4780     2707      136      785       24    0.050240    0.030573    1.765792 
    4790     2707      137      786       24    0.050610    0.030534    1.769487 
    4800     2711      138      787       24    0.050904    0.030496    1.770564 
    4810     2713      139      787       24    0.051235    0.030496    1.772945 
    4820     2716      140      789       24    0.051546    0.030418    1.774669 
    4830     2717      140      789       24    0.051527    0.030418    1.777696 
    4840     2719      141      789       24    0.051857    0.030418    1.780066 
    4850     2721      142      789       24    0.052187    0.030418    1.782433 
    4860     2725      143      789       24    0.052477    0.030418    1.783486 
    4870     2726      143      789       24    0.052458    0.030418    1.786500 
    4880     2729      144      789       24    0.052767    0.030418    1.788201 
    4890     2733      144      789       24    0.052689    0.030418    1.789243 
    4900     2740      144      789       24    0.052555    0.030418    1.788321 
    4910     2741      144      789       24    0.052536    0.030418    1.791317 
    4920     2750      144      794       24    0.052364    0.030227    1.789091 
    4930     2760      144      795       24    0.052174    0.030189    1.786232 
    4940     2770      144      796       24    0.051986    0.030151    1.783394 
    4950     2773      145      796       24    0.052290    0.030151    1.785070 
    4960     2776      146      796       24    0.052594    0.030151    1.786744 
    4970     2778      146      796       24    0.052556    0.030151    1.789057 
    4980     2781      147      797       24    0.052859    0.030113    1.790723 
    4990     2784      147      797       24    0.052802    0.030113    1.792385 
    5000     2788      147      798       24    0.052726    0.030075    1.793400 
    5010     2792      147      798       24    0.052650    0.030075    1.794413 
    5020     2799      147      799       24    0.052519    0.030038    1.793498 
    5030     2806      147      800       24    0.052388    0.030000    1.792587 
    5040     2810      147      801       24    0.052313    0.029963    1.793594 
    5050     2814      147      802       24    0.052239    0.029925    1.794598 
    5060     2820      147      802       24    0.052128    0.029925    1.794326 
    5070     2827      147      803       24    0.051999    0.029888    1.793421 
    5080     2832      147      804       24    0.051907    0.029851    1.793785 
    5090     2836      147      805       24    0.051834    0.029814    1.794781 
    5100     2841      147      805       24    0.051742    0.029814    1.795143 
    5110     2848      147      806       24    0.051615    0.029777    1.794242 
    5120     2854      147      807       24    0.051507    0.029740    1.793973 
    5130     2858      147      808       24    0.051435    0.029703    1.794961 
    5140     2862      147      808       24    0.051363    0.029703    1.795947 
    5150     2869      147      809       24    0.051237    0.029666    1.795051 
    5160     2876      147      810       24    0.051113    0.029630    1.794159 
    5170     2880      147      811       24    0.051042    0.029593    1.795139 
    5180     2884      147      812       24    0.050971    0.029557    1.796116 
    5190     2890      147      812       24    0.050865    0.029557    1.795848 
    5200     2897      147      813       24    0.050742    0.029520    1.794960 
    5210     2902      147      814       24    0.050655    0.029484    1.795314 
    5220     2906      147      815       24    0.050585    0.029448    1.796284 
    5230     2911      147      815       24    0.050498    0.029448    1.796633 
    5240     2918      147      816       24    0.050377    0.029412    1.795750 
    5250     2924      147      817       24    0.050274    0.029376    1.795486 
    5260     2928      147      818       24    0.050205    0.029340    1.796448 
    5270     2932      147      818       24    0.050136    0.029340    1.797408 
    5280     2939      147      819       24    0.050017    0.029304    1.796529 
    5290     2946      147      820       24    0.049898    0.029268    1.795655 
    5300     2950      147      821       24    0.049831    0.029233    1.796610 
    5310     2954      147      822       24    0.049763    0.029197    1.797563 
    5320     2960      147      822       24    0.049662    0.029197    1.797297 
    5330     2967      147      823       24    0.049545    0.029162    1.796427 
    5340     2972      147      824       24    0.049462    0.029126    1.796770 
    5350     2976      147      825       24    0.049395    0.029091    1.797715 
    5360     2981      147      825       24    0.049312    0.029091    1.798054 
    5370     2988      147      826       24    0.049197    0.029056    1.797189 
    5380     2994      147      827       24    0.049098    0.029021    1.796927 
    5390     2998      147      828       24    0.049033    0.028986    1.797865 
    5400     3002      147      828       24    0.048967    0.028986    1.798801 
    5410     3009      147      829       24    0.048853    0.028951    1.797940 
    5420     3016      147      830       24    0.048740    0.028916    1.797082 
    5430     3020      147      831       24    0.048675    0.028881    1.798013 
    5440     3024      147      832       24    0.048611    0.028846    1.798942 
    5450     3030      147      832       24    0.048515    0.028846    1.798680 
    5460     3037      147      833       24    0.048403    0.028812    1.797827 
    5470     3042      147      834       24    0.048323    0.028777    1.798159 
    5480     3046      147      835       24    0.048260    0.028743    1.799081 
    5490     3051      147      835       24    0.048181    0.028743    1.799410 
    5500     3058      147      836       24    0.048071    0.028708    1.798561 
    5510     3064      147      837       24    0.047977    0.028674    1.798303 
    5520     3068      147      838       24    0.047914    0.028640    1.799218 
    5530     3072      147      838       24    0.047852    0.028640    1.800130 
    5540     3079      147      839       24    0.047743    0.028605    1.799286 
    5550     3086      147      840       24    0.047634    0.028571    1.798445 
    5560     3090      147      841       24    0.047573    0.028537    1.799353 
    5570     3094      147      842       24    0.047511    0.028504    1.800259 
    5580     3100      147      842       24    0.047419    0.028504    1.800000 
    5590     3107      147      843       24    0.047313    0.028470    1.799163 
    5600     3112      147      844       24    0.047237    0.028436    1.799486 
    5610     3116      147      845       24    0.047176    0.028402    1.800385 
    5620     3121      147      845       24    0.047100    0.028402    1.800705 
    5630     3128      147      846       24    0.046995    0.028369    1.799872 
    5640     3134      147      847       24    0.046905    0.028335    1.799617 
    5650     3138      147      848       24    0.046845    0.028302    1.800510 
    5660     3142      147      848       24    0.046785    0.028302    1.801400 
    5670     3149      147      849       24    0.046681    0.028269    1.800572 
    5680     3156      147      850       24    0.046578    0.028235    1.799747 
    5690     3160      147      851       24    0.046519    0.028202    1.800633 
    5700     3164      147      852       24    0.046460    0.028169    1.801517 
    5710     3170      147      852       24    0.046372    0.028169    1.801262 
    5720     3177      147      853       24    0.046270    0.028136    1.800441 
    5730     3182      147      854       24    0.046197    0.028103    1.800754 
    5740     3186      147      855       24    0.046139    0.028070    1.801632 
    5750     3191      147      855       24    0.046067    0.028070    1.801943 
    5760     3198      147      856       24    0.045966    0.028037    1.801126 
    5770     3204      147      857       24    0.045880    0.028005    1.800874 
    5780     3208      147      858       24    0.045823    0.027972    1.801746 
    5790     3212      147      858       24    0.045766    0.027972    1.802615 
    5800     3219      147      859       24    0.045666    0.027939    1.801802 
    5810     3226      147      860       24    0.045567    0.027907    1.800992 
    5820     3230      147      861       24    0.045511    0.027875    1.801858 
    5830     3234      147      862       24    0.045455    0.027842    1.802721 
    5840     3240      147      862       24    0.045370    0.027842    1.802469 
    5850     3247      147      863       24    0.045273    0.027810    1.801663 
    5860     3252      147      864       24    0.045203    0.027778    1.801968 
    5870     3256      147      865       24    0.045147    0.027746    1.802826 
    5880     3261      147      865       24    0.045078    0.027746    1.803128 
    5890     3268      147      866       24    0.044982    0.027714    1.802326 
    5900     3274      147      867       24    0.044899    0.027682    1.802077 
    5910     3278      147      868       24    0.044844    0.027650    1.802929 
    5920     3282      147      868       24    0.044790    0.027650    1.803778 
    5930     3289      147      869       24    0.044694    0.027618    1.802980 
    5940     3296      147      870       24    0.044600    0.027586    1.802184 
    5950     3300      147      871       24    0.044545    0.027555    1.803030 
    5960     3304      147      872       24    0.044492    0.027523    1.803874 
    5970     3310      147      872       24    0.044411    0.027523    1.803625 
    5980     3317      147      873       24    0.044317    0.027491    1.802834 
    5990     3322      147      874       24    0.044250    0.027460    1.803131 
    6000     3326      147      875       24    0.044197    0.027429    1.803969 
    6010     3331      147      875       24    0.044131    0.027429    1.804263 
    6020     3338      147      876       24    0.044038    0.027397    1.803475 
    6030     3344      147      877       24    0.043959    0.027366    1.803230 
    6040     3348      147      878       24    0.043907    0.027335    1.804062 
    6050     3352      147      878       24    0.043854    0.027335    1.804893 
    6060     3359      147      879       24    0.043763    0.027304    1.804108 
    6070     3366      147      880       24    0.043672    0.027273    1.803327 
    6080     3370      147      881       24    0.043620    0.027242    1.804154 
    6090     3374      147      882       24    0.043568    0.027211    1.804979 
    6100     3380      147      882       24    0.043491    0.027211    1.804734 
    6110     3387      147      883       24    0.043401    0.027180    1.803956 
    6120     3392      147      884       24    0.043337    0.027149    1.804245 
    6130     3396      147      885       24    0.043286    0.027119    1.805065 
    6140     3401      147      885       24    0.043223    0.027119    1.805351 
    6150     3408      147      886       24    0.043134    0.027088    1.804577 
    6160     3414      147      887       24    0.043058    0.027057    1.804335 
    6170     3418      147      888       24    0.043008    0.027027    1.805149 
    6180     3422      147      888       24    0.042957    0.027027    1.805961 
    6190     3429      147      889       24    0.042870    0.026997    1.805191 
    6200     3436      147      890       24    0.042782    0.026966    1.804424 
    6210     3440      147      891       24    0.042733    0.026936    1.805233 
    6220     3444      147      892       24    0.042683    0.026906    1.806039 
    6230     3450      147      892       24    0.042609    0.026906    1.805797 
    6240     3457      147      893       24    0.042522    0.026876    1.805033 
    6250     3462      147      894       24    0.042461    0.026846    1.805315 
    6260     3466      147      895       24    0.042412    0.026816    1.806117 
    6270     3471      147      895       24    0.042351    0.026816    1.806396 
    6280     3478      147      896       24    0.042266    0.026786    1.805635 
    6290     3484      147      897       24    0.042193    0.026756    1.805396 
    6300     3488      147      898       24    0.042144    0.026726    1.806193 
    6310     3492      147      898       24    0.042096    0.026726    1.806987 
    6320     3499      147      899       24    0.042012    0.026696    1.806230 
    6330     3506      147      900       24    0.041928    0.026667    1.805476 
    6340     3510      147      901       24    0.041880    0.026637    1.806268 
    6350     3514      147      902       24    0.041833    0.026608    1.807057 
    6360     3520      147      902       24    0.041761    0.026608    1.806818 
    6370     3527      147      903       24    0.041678    0.026578    1.806067 
    6380     3532      147      904       24    0.041619    0.026549    1.806342 
    6390     3536      147      905       24    0.041572    0.026519    1.807127 
    6400     3541      147      905       24    0.041514    0.026519    1.807399 
    6410     3548      147      906       24    0.041432    0.026490    1.806652 
    6420     3554      147      907       24    0.041362    0.026461    1.806415 
    6430     3558      147      908       24    0.041315    0.026432    1.807195 
    6440     3562      147      908       24    0.041269    0.026432    1.807973 
    6450     3569      147      909       24    0.041188    0.026403    1.807229 
    6460     3576      147      910       24    0.041107    0.026374    1.806488 
    6470     3580      147      911       24    0.041061    0.026345    1.807263 
    6480     3584      147      912       24    0.041016    0.026316    1.808036 
    6490     3590      147      912       24    0.040947    0.026316    1.807799 
    6500     3597      147      913       24    0.040867    0.026287    1.807061 
    6510     3602      147      914       24    0.040811    0.026258    1.807329 
    6520     3606      147      915       24    0.040765    0.026230    1.808098 
    6530     3611      147      915       24    0.040709    0.026230    1.808363 
    6540     3618      147      916       24    0.040630    0.026201    1.807629 
    6550     3624      147      917       24    0.040563    0.026172    1.807395 
    6560     3628      147      918       24    0.040518    0.026144    1.808159 
    6570     3632      147      918       24    0.040474    0.026144    1.808921 
    6580     3639      147      919       24    0.040396    0.026115    1.808189 
    6590     3646      147      920       24    0.040318    0.026087    1.807460 
    6600     3650      147      921       24    0.040274    0.026059    1.808219 
    6610     3654      147      922       24    0.040230    0.026030    1.808976 
    6620     3660      147      922       24    0.040164    0.026030    1.808743 
    6630     3667      147      923       24    0.040087    0.026002    1.808017 
    6640     3672      147      924       24    0.040033    0.025974    1.808279 
    6650     3676      147      925       24    0.039989    0.025946    1.809032 
    6660     3681      147      925       24    0.039935    0.025946    1.809291 
    6670     3688      147      926       24    0.039859    0.025918    1.808568 
    6680     3694      147      927       24    0.039794    0.025890    1.808338 
    6690     3698      147      928       24    0.039751    0.025862    1.809086 
    6700     3702      147      928       24    0.039708    0.025862    1.809833 
    6710     3709      147      929       24    0.039633    0.025834    1.809113 
    6720     3716      147      930       24    0.039559    0.025806    1.808396 
    6730     3720      147      931       24    0.039516    0.025779    1.809140 
    6740     3724      147      932       24    0.039474    0.025751    1.809882 
    6750     3730      147      932       24    0.039410    0.025751    1.809651 
    6760     3737      147      933       24    0.039336    0.025723    1.808938 
    6770     3742      147      934       24    0.039284    0.025696    1.809193 
    6780     3746      147      935       24    0.039242    0.025668    1.809931 
    6790     3751      147      935       24    0.039190    0.025668    1.810184 
    6800     3758      147      936       24    0.039117    0.025641    1.809473 
    6810     3764      147      937       24    0.039054    0.025614    1.809245 
    6820     3768      147      938       24    0.039013    0.025586    1.809979 
    6830     3772      147      938       24    0.038971    0.025586    1.810711 
    6840     3779      147      939       24    0.038899    0.025559    1.810003 
    6850     3786      147      940       24    0.038827    0.025532    1.809297 
    6860     3790      147      941       24    0.038786    0.025505    1.810026 
    6870     3794      147      942       24    0.038745    0.025478    1.810754 
    6880     3800      147      942       24    0.038684    0.025478    1.810526 
    6890     3807      147      943       24    0.038613    0.025451    1.809824 
    6900     3812      147      944       24    0.038562    0.025424    1.810073 
    6910     3816      147      945       24    0.038522    0.025397    1.810797 
    6920     3821      147      945       24    0.038472    0.025397    1.811044 
    6930     3828      147      946       24    0.038401    0.025370    1.810345 
    6940     3834      147      947       24    0.038341    0.025343    1.810120 
    6950     3838      147      948       24    0.038301    0.025316    1.810839 
    6960     3842      147      948       24    0.038261    0.025316    1.811556 
    6970     3849      147      949       24    0.038192    0.025290    1.810860 
    6980     3856      147      950       24    0.038122    0.025263    1.810166 
    6990     3860      147      951       24    0.038083    0.025237    1.810881 
    7000     3864      147      952       24    0.038043    0.025210    1.811594 
    7010     3870      147      952       24    0.037984    0.025210    1.811370 
    7020     3877      147      953       24    0.037916    0.025184    1.810678 
    7030     3882      147      954       24    0.037867    0.025157    1.810922 
    7040     3886      147      955       24    0.037828    0.025131    1.811631 
    7050     3891      147      955       24    0.037779    0.025131    1.811874 
    7060     3898      147      956       24    0.037712    0.025105    1.811185 
    7070     3904      147      957       24    0.037654    0.025078    1.810963 
    7080     3908      147      958       24    0.037615    0.025052    1.811668 
    7090     3912      147      958       24    0.037577    0.025052    1.812372 
    7100     3919      147      959       24    0.037510    0.025026    1.811687 
    7110     3926      147      960       24    0.037443    0.025000    1.811004 
    7120     3930      147      961       24    0.037405    0.024974    1.811705 
    7130     3934      147      962       24    0.037367    0.024948    1.812405 
    7140     3940      147      962       24    0.037310    0.024948    1.812183 
    7150     3947      147      963       24    0.037243    0.024922    1.811502 
    7160     3952      147      964       24    0.037196    0.024896    1.811741 
    7170     3956      147      965       24    0.037159    0.024870    1.812437 
    7180     3961      147      965       24    0.037112    0.024870    1.812674 
    7190     3968      147      966       24    0.037046    0.024845    1.811996 
    7200     3974      147      967       24    0.036990    0.024819    1.811777 
    7210     3978      147      968       24    0.036953    0.024793    1.812469 
    7220     3982      147      968       24    0.036916    0.024793    1.813159 
    7230     3989      147      969       24    0.036851    0.024768    1.812484 
    7240     3996      147      970       24    0.036787    0.024742    1.811812 
    7250     4000      147      971       24    0.036750    0.024717    1.812500 
    7260     4004      147      972       24    0.036713    0.024691    1.813187 
    7270     4010      147      972       24    0.036658    0.024691    1.812968 
    7280     4017      147      973       24    0.036594    0.024666    1.812298 
    7290     4022      147      974       24    0.036549    0.024641    1.812531 
    7300     4026      147      975       24    0.036513    0.024615    1.813214 
    7310     4031      147      975       24    0.036467    0.024615    1.813446 
    7320     4038      147      976       24    0.036404    0.024590    1.812779 
    7330     4044      147      977       24    0.036350    0.024565    1.812562 
    7340     4048      147      978       24    0.036314    0.024540    1.813241 
    7350     4052      147      978       24    0.036278    0.024540    1.813919 
    7360     4059      147      979       24    0.036216    0.024515    1.813254 
    7370     4066      147      980       24    0.036153    0.024490    1.812592 
    7380     4070      147      981       24    0.036118    0.024465    1.813268 
    7390     4074      147      982       24    0.036082    0.024440    1.813942 
    7400     4080      147      982       24    0.036029    0.024440    1.813725 
    7410     4087      147      983       24    0.035968    0.024415    1.813066 
    7420     4092      147      984       24    0.035924    0.024390    1.813294 
    7430     4096      147      985       24    0.035889    0.024365    1.813965 
    7440     4101      147      985       24    0.035845    0.024365    1.814192 
    7450     4108      147      986       24    0.035784    0.024341    1.813535 
    7460     4114      147      987       24    0.035732    0.024316    1.813320 
    7470     4118      147      988       24    0.035697    0.024291    1.813987 
    7480     4122      147      988       24    0.035662    0.024291    1.814653 
    7490     4129      147      989       24    0.035602    0.024267    1.813999 
    7500     4136      147      990       24    0.035542    0.024242    1.813346 
    7510     4140      147      991       24    0.035507    0.024218    1.814010 
    7520     4144      147      992       24    0.035473    0.024194    1.814672 
    7530     4150      147      992       24    0.035422    0.024194    1.814458 
    7540     4157      147      993       24    0.035362    0.024169    1.813808 
    7550     4162      147      994       24    0.035320    0.024145    1.814032 
    7560     4166      147      995       24    0.035286    0.024121    1.814690 
    7570     4171      147      995       24    0.035243    0.024121    1.814912 
    7580     4178      147      996       24    0.035184    0.024096    1.814265 
    7590     4184      147      997       24    0.035134    0.024072    1.814054 
    7600     4188      147      998       24    0.035100    0.024048    1.814709 
    7610     4192      147      998       24    0.035067    0.024048    1.815363 
    7620     4199      147      999       24    0.035008    0.024024    1.814718 
    7630     4206      147     1000       24    0.034950    0.024000    1.814075 
    7640     4210      147     1001       24    0.034917    0.023976    1.814727 
    7650     4214      147     1002       24    0.034884    0.023952    1.815377 
    7660     4220      147     1002       24    0.034834    0.023952    1.815166 
    7670     4227      147     1003       24    0.034776    0.023928    1.814526 
    7680     4232      147     1004       24    0.034735    0.023904    1.814745 
    7690     4236      147     1005       24    0.034703    0.023881    1.815392 
    7700     4241      147     1005       24    0.034662    0.023881    1.815610 
    7710     4248      147     1006       24    0.034605    0.023857    1.814972 
    7720     4254      147     1007       24    0.034556    0.023833    1.814763 
    7730     4258      147     1008       24    0.034523    0.023810    1.815406 
    7740     4262      147     1008       24    0.034491    0.023810    1.816049 
    7750     4269      147     1009       24    0.034434    0.023786    1.815413 
    7760     4276      147     1010       24    0.034378    0.023762    1.814780 
    7770     4280      147     1011       24    0.034346    0.023739    1.815421 
    7780     4284      147     1012       24    0.034314    0.023715    1.816060 
    7790     4290      147     1012       24    0.034266    0.023715    1.815851 
    7800     4297      147     1013       24    0.034210    0.023692    1.815220 
    7810     4302      147     1014       24    0.034170    0.023669    1.815435 
    7820     4306      147     1015       24    0.034138    0.023645    1.816071 
    7830     4311      147     1015       24    0.034099    0.023645    1.816284 
    7840     4318      147     1016       24    0.034044    0.023622    1.815655 
    7850     4324      147     1017       24    0.033996    0.023599    1.815449 
    7860     4328      147     1018       24    0.033965    0.023576    1.816081 
    7870     4332      147     1018       24    0.033934    0.023576    1.816713 
    7880     4339      147     1019       24    0.033879    0.023553    1.816087 
    7890     4346      147     1020       24    0.033824    0.023529    1.815462 
    7900     4350      147     1021       24    0.033793    0.023506    1.816092 
    7910     4354      147     1022       24    0.033762    0.023483    1.816720 
    7920     4360      147     1022       24    0.033716    0.023483    1.816514 
    7930     4367      147     1023       24    0.033662    0.023460    1.815892 
    7940     4372      147     1024       24    0.033623    0.023438    1.816103 
    7950     4376      147     1025       24    0.033592    0.023415    1.816728 
    7960     4381      147     1025       24    0.033554    0.023415    1.816937 
    7970     4388      147     1026       24    0.033500    0.023392    1.816317 
    7980     4394      147     1027       24    0.033455    0.023369    1.816113 
    7990     4398      147     1028       24    0.033424    0.023346    1.816735 
    8000     4402      147     1028       24    0.033394    0.023346    1.817356 
    8010     4409      147     1029       24    0.033341    0.023324    1.816738 
    8020     4416      147     1030       24    0.033288    0.023301    1.816123 
    8030     4420      147     1031       24    0.033258    0.023278    1.816742 
    8040     4424      147     1032       24    0.033228    0.023256    1.817360 
    8050     4430      147     1032       24    0.033183    0.023256    1.817156 
    8060     4437      147     1033       24    0.033130    0.023233    1.816543 
    8070     4442      147     1034       24    0.033093    0.023211    1.816749 
    8080     4446      147     1035       24    0.033063    0.023188    1.817364 
    8090     4451      147     1035       24    0.033026    0.023188    1.817569 
    8100     4458      147     1036       24    0.032974    0.023166    1.816958 
    8110     4464      147     1037       24    0.032930    0.023144    1.816756 
    8120     4468      147     1038       24    0.032901    0.023121    1.817368 
    8130     4472      147     1038       24    0.032871    0.023121    1.817979 
    8140     4479      147     1039       24    0.032820    0.023099    1.817370 
    8150     4486      147     1040       24    0.032769    0.023077    1.816763 
    8160     4490      147     1041       24    0.032739    0.023055    1.817372 
    8170     4494      147     1042       24    0.032710    0.023033    1.817980 
    8180     4500      147     1042       24    0.032667    0.023033    1.817778 
    8190     4507      147     1043       24    0.032616    0.023011    1.817173 
    8200     4512      147     1044       24    0.032580    0.022989    1.817376 
    8210     4516      147     1045       24    0.032551    0.022967    1.817981 
    8220     4521      147     1045       24    0.032515    0.022967    1.818182 
    8230     4528      147     1046       24    0.032465    0.022945    1.817580 
    8240     4534      147     1047       24    0.032422    0.022923    1.817380 
    8250     4538      147     1048       24    0.032393    0.022901    1.817981 
    8260     4542      147     1048       24    0.032365    0.022901    1.818582 
    8270     4549      147     1049       24    0.032315    0.022879    1.817982 
    8280     4556      147     1050       24    0.032265    0.022857    1.817384 
    8290     4560      147     1051       24    0.032237    0.022835    1.817982 
    8300     4564      147     1052       24    0.032209    0.022814    1.818580 
    8310     4570      147     1052       24    0.032166    0.022814    1.818381 
    8320     4577      147     1053       24    0.032117    0.022792    1.817785 
    8330     4582      147     1054       24    0.032082    0.022770    1.817983 
    8340     4586      147     1055       24    0.032054    0.022749    1.818578 
    8350     4591      147     1055       24    0.032019    0.022749    1.818776 
    8360     4598      147     1056       24    0.031970    0.022727    1.818182 
    8370     4604      147     1057       24    0.031929    0.022706    1.817984 
    8380     4608      147     1058       24    0.031901    0.022684    1.818576 
    8390     4612      147     1058       24    0.031873    0.022684    1.819167 
    8400     4619      147     1059       24    0.031825    0.022663    1.818576 
    8410     4626      147     1060       24    0.031777    0.022642    1.817985 
    8420     4630      147     1061       24    0.031749    0.022620    1.818575 
    8430     4634      147     1062       24    0.031722    0.022599    1.819163 
    8440     4640      147     1062       24    0.031681    0.022599    1.818966 
    8450     4647      147     1063       24    0.031633    0.022578    1.818377 
    8460     4652      147     1064       24    0.031599    0.022556    1.818573 
    8470     4656      147     1065       24    0.031572    0.022535    1.819158 
    8480     4661      147     1065       24    0.031538    0.022535    1.819352 
    8490     4668      147     1066       24    0.031491    0.022514    1.818766 
    8500     4674      147     1067       24    0.031451    0.022493    1.818571 
    8510     4678      147     1068       24    0.031424    0.022472    1.819153 
    8520     4682      147     1068       24    0.031397    0.022472    1.819735 
    8530     4689      147     1069       24    0.031350    0.022451    1.819151 
    8540     4696      147     1070       24    0.031303    0.022430    1.818569 
    8550     4700      147     1071       24    0.031277    0.022409    1.819149 
    8560     4704      147     1072       24    0.031250    0.022388    1.819728 
    8570     4710      147     1072       24    0.031210    0.022388    1.819533 
    8580     4717      147     1073       24    0.031164    0.022367    1.818953 
    8590     4722      147     1074       24    0.031131    0.022346    1.819144 
    8600     4726      147     1075       24    0.031105    0.022326    1.819721 
    8610     4731      147     1075       24    0.031072    0.022326    1.819911 
    8620     4738      147     1076       24    0.031026    0.022305    1.819333 
    8630     4744      147     1077       24    0.030987    0.022284    1.819140 
    8640     4748      147     1078       24    0.030960    0.022263    1.819714 
    8650     4752      147     1078       24    0.030934    0.022263    1.820286 
    8660     4759      147     1079       24    0.030889    0.022243    1.819710 
    8670     4766      147     1080       24    0.030843    0.022222    1.819136 
    8680     4770      147     1081       24    0.030818    0.022202    1.819706 
    8690     4774      147     1082       24    0.030792    0.022181    1.820276 
    8700     4780      147     1082       24    0.030753    0.022181    1.820084 
    8710     4787      147     1083       24    0.030708    0.022161    1.819511 
    8720     4792      147     1084       24    0.030676    0.022140    1.819700 
    8730     4796      147     1085       24    0.030651    0.022120    1.820267 
    8740     4801      147     1085       24    0.030619    0.022120    1.820454 
    8750     4808      147     1086       24    0.030574    0.022099    1.819884 
    8760     4814      147     1087       24    0.030536    0.022079    1.819693 
    8770     4818      147     1088       24    0.030511    0.022059    1.820257 
    8780     4822      147     1088       24    0.030485    0.022059    1.820821 
    8790     4829      147     1089       24    0.030441    0.022039    1.820253 
    8800     4836      147     1090       24    0.030397    0.022018    1.819686 
    8810     4840      147     1091       24    0.030372    0.021998    1.820248 
    8820     4844      147     1092       24    0.030347    0.021978    1.820809 
    8830     4850      147     1092       24    0.030309    0.021978    1.820619 
    8840     4857      147     1093       24    0.030266    0.021958    1.820054 
    8850     4862      147     1094       24    0.030234    0.021938    1.820239 
    8860     4866      147     1095       24    0.030210    0.021918    1.820797 
    8870     4871      147     1095       24    0.030179    0.021918    1.820981 
    8880     4878      147     1096       24    0.030135    0.021898    1.820418 
    8890     4884      147     1097       24    0.030098    0.021878    1.820229 
    8900     4888      147     1098       24    0.030074    0.021858    1.820786 
    8910     4892      147     1098       24    0.030049    0.021858    1.821341 
    8920     4899      147     1099       24    0.030006    0.021838    1.820780 
    8930     4906      147     1100       24    0.029963    0.021818    1.820220 
    8940     4910      147     1101       24    0.029939    0.021798    1.820774 
    8950     4914      147     1102       24    0.029915    0.021779    1.821327 
    8960     4920      147     1102       24    0.029878    0.021779    1.821138 
    8970     4927      147     1103       24    0.029836    0.021759    1.820580 
    8980     4932      147     1104       24    0.029805    0.021739    1.820762 
    8990     4936      147     1105       24    0.029781    0.021719    1.821313 
    9000     4941      147     1105       24    0.029751    0.021719    1.821494 
    9010     4948      147     1106       24    0.029709    0.021700    1.820938 
    9020     4954      147     1107       24    0.029673    0.021680    1.820751 
    9030     4958      147     1108       24    0.029649    0.021661    1.821299 
    9040     4962      147     1108       24    0.029625    0.021661    1.821846 
    9050     4969      147     1109       24    0.029583    0.021641    1.821292 
    9060     4976      147     1110       24    0.029542    0.021622    1.820740 
    9070     4980      147     1111       24    0.029518    0.021602    1.821285 
    9080     4984      147     1112       24    0.029494    0.021583    1.821830 
    9090     4990      147     1112       24    0.029459    0.021583    1.821643 
    9100     4997      147     1113       24    0.029418    0.021563    1.821093 
    9110     5002      147     1114       24    0.029388    0.021544    1.821272 
    9120     5006      147     1115       24    0.029365    0.021525    1.821814 
    9130     5011      147     1115       24    0.029335    0.021525    1.821992 
    9140     5018      147     1116       24    0.029295    0.021505    1.821443 
    9150     5024      147     1117       24    0.029260    0.021486    1.821258 
    9160     5028      147     1118       24    0.029236    0.021467    1.821798 
    9170     5032      147     1118       24    0.029213    0.021467    1.822337 
    9180     5039      147     1119       24    0.029172    0.021448    1.821790 
    9190     5046      147     1120       24    0.029132    0.021429    1.821245 
    9200     5050      147     1121       24    0.029109    0.021409    1.821782 
    9210     5054      147     1122       24    0.029086    0.021390    1.822319 
    9220     5060      147     1122       24    0.029051    0.021390    1.822134 
    9230     5067      147     1123       24    0.029011    0.021371    1.821591 
    9240     5072      147     1124       24    0.028983    0.021352    1.821767 
    9250     5076      147     1125       24    0.028960    0.021333    1.822301 
    9260     5081      147     1125       24    0.028931    0.021333    1.822476 
    9270     5088      147     1126       24    0.028892    0.021314    1.821934 
    9280     5094      147     1127       24    0.028857    0.021295    1.821751 
    9290     5098      147     1128       24    0.028835    0.021277    1.822283 
    9300     5102      147     1128       24    0.028812    0.021277    1.822815 
    9310     5109      147     1129       24    0.028773    0.021258    1.822274 
    9320     5116      147     1130       24    0.028733    0.021239    1.821736 
    9330     5120      147     1131       24    0.028711    0.021220    1.822266 
    9340     5124      147     1132       24    0.028689    0.021201    1.822795 
    9350     5130      147     1132       24    0.028655    0.021201    1.822612 
    9360     5137      147     1133       24    0.028616    0.021183    1.822075 
    9370     5142      147     1134       24    0.028588    0.021164    1.822248 
    9380     5146      147     1135       24    0.028566    0.021145    1.822775 
    9390     5151      147     1135       24    0.028538    0.021145    1.822947 
    9400     5158      147     1136       24    0.028499    0.021127    1.822412 
    9410     5164      147     1137       24    0.028466    0.021108    1.822231 
    9420     5168      147     1138       24    0.028444    0.021090    1.822755 
    9430     5172      147     1138       24    0.028422    0.021090    1.823279 
    9440     5179      147     1139       24    0.028384    0.021071    1.822746 
    9450     5186      147     1140       24    0.028346    0.021053    1.822214 
    9460     5190      147     1141       24    0.028324    0.021034    1.822736 
    9470     5194      147     1142       24    0.028302    0.021016    1.823258 
    9480     5200      147     1142       24    0.028269    0.021016    1.823077 
    9490     5207      147     1143       24    0.028231    0.020997    1.822547 
    9500     5212      147     1144       24    0.028204    0.020979    1.822717 
    9510     5216      147     1145       24    0.028183    0.020961    1.823236 
    9520     5221      147     1145       24    0.028156    0.020961    1.823406 
    9530     5228      147     1146       24    0.028118    0.020942    1.822877 
    9540     5234      147     1147       24    0.028086    0.020924    1.822698 
    9550     5238      147     1148       24    0.028064    0.020906    1.823215 
    9560     5242      147     1148       24    0.028043    0.020906    1.823731 
    9570     5249      147     1149       24    0.028005    0.020888    1.823204 
    9580     5256      147     1150       24    0.027968    0.020870    1.822679 
    9590     5260      147     1151       24    0.027947    0.020851    1.823194 
    9600     5264      147     1152       24    0.027926    0.020833    1.823708 
    9610     5270      147     1152       24    0.027894    0.020833    1.823529 
    9620     5277      147     1153       24    0.027857    0.020815    1.823005 
    9630     5282      147     1154       24    0.027830    0.020797    1.823173 
    9640     5286      147     1155       24    0.027809    0.020779    1.823685 
    9650     5291      147     1155       24    0.027783    0.020779    1.823852 
    9660     5298      147     1156       24    0.027746    0.020761    1.823330 
    9670     5304      147     1157       24    0.027715    0.020743    1.823152 
    9680     5308      147     1158       24    0.027694    0.020725    1.823662 
    9690     5312      147     1158       24    0.027673    0.020725    1.824172 
    9700     5319      147     1159       24    0.027637    0.020708    1.823651 
    9710     5326      147     1160       24    0.027600    0.020690    1.823132 
    9720     5330      147     1161       24    0.027580    0.020672    1.823640 
    9730     5334      147     1162       24    0.027559    0.020654    1.824147 
    9740     5340      147     1162       24    0.027528    0.020654    1.823970 
    9750     5347      147     1163       24    0.027492    0.020636    1.823452 
    9760     5352      147     1164       24    0.027466    0.020619    1.823617 
    9770     5356      147     1165       24    0.027446    0.020601    1.824122 
    9780     5361      147     1165       24    0.027420    0.020601    1.824286 
    9790     5368      147     1166       24    0.027385    0.020583    1.823771 
    9800     5374      147     1167       24    0.027354    0.020566    1.823595 
    9810     5378      147     1168       24    0.027334    0.020548    1.824098 
    9820     5382      147     1168       24    0.027313    0.020548    1.824601 
    9830     5389      147     1169       24    0.027278    0.020530    1.824086 
    9840     5396      147     1170       24    0.027242    0.020513    1.823573 
    9850     5400      147     1171       24    0.027222    0.020495    1.824074 
    9860     5404      147     1172       24    0.027202    0.020478    1.824574 
    9870     5410      147     1172       24    0.027172    0.020478    1.824399 
    9880     5417      147     1173       24    0.027137    0.020460    1.823888 
    9890     5422      147     1174       24    0.027112    0.020443    1.824050 
    9900     5426      147     1175       24    0.027092    0.020426    1.824548 
    9910     5431      147     1175       24    0.027067    0.020426    1.824710 
    9920     5438      147     1176       24    0.027032    0.020408    1.824200 
    9930     5444      147     1177       24    0.027002    0.020391    1.824026 
    9940     5448      147     1178       24    0.026982    0.020374    1.824523 
    9950     5452      147     1178       24    0.026963    0.020374    1.825018 
    9960     5459      147     1179       24    0.026928    0.020356    1.824510 
    9970     5466      147     1180       24    0.026894    0.020339    1.824003 
    9980     5470      147     1181       24    0.026874    0.020322    1.824497 
    9990     5474      147     1182       24    0.026854    0.020305    1.824991 
